122.91152106421004
122.73224831599201
122.5213392004414
122.25770280600314
121.88861185378957
121.46679362268836
120.93952083381183
120.25406620827235
119.35770246718225
118.3031568894292
124.21747784422047
124.12784147011146
124.02238691233616
123.88529598722826
123.70602323901024
123.49511412345963
123.23147772902136
122.8623867768078
122.44056854570658
121.91329575683005
121.22784113129057
120.33147739020049
119.27693181244743
117.90602256136847
116.11329507918829
121.04914127127543
120.99641399238777
120.92786852983383
120.83823215572482
120.73277759794952
120.59568667284162
120.4164139246236
120.20550480907299
119.94186841463473
119.57277746242116
119.15095923131994
118.62368644244341
117.93823181690394
117.04186807581385
115.98732249806079
134.91710620203918
134.73783345382117
134.52692433827056
134.2632879438323
133.89419699161874
133.47237876051753
132.945105971641
132.25965134610152
131.36328760501144
130.30874202725838
128.93783277617942
127.14510529399922
125.03601413849313
122.3996501941105
133.35573962421367
133.17646687599566
132.96555776044505
132.7019213660068
132.33283041379323
131.91101218269202
131.3837393938155
130.698284768276
129.80192102718593
128.74737544943287
127.37646619835388
125.5837387161737
123.4746475606676
120.83828361628498
131.78031351661744
131.60104076839943
131.39013165284882
131.12649525841056
130.757404306197
130.3355860750958
129.80831328621926
129.12285866067978
128.2264949195897
127.17194934183662
125.80104009075767
124.00831260857748
121.89922145307139
131.00173263434544
130.82245988612743
130.61155077057683
130.34791437613856
129.978823423925
129.5570051928238
129.02973240394726
128.3442777784078
127.4479140373177
126.39336845956464
125.02245920848569
123.2297317263055
121.12064057079941
132.9589405636253
132.7480314480747
132.48439505363643
132.11530410142288
131.69348587032164
131.16621308144514
130.48075845590563
129.58439471481555
128.5298491370625
127.15893988598353
125.36621240380335
123.25712124829725
131.567711712064
131.388438963846
131.1775298482954
130.91389345385713
130.54480250164357
130.12298427054233
129.59571148166583
128.91025685612632
128.01389311503624
126.9593475372832
125.58843828620422
123.79571080402404
121.68661964851795
129.98027132080955
129.80099857259154
129.59008945704093
129.32645306260267
128.9573621103891
128.53554387928787
128.00827109041137
127.32281646487186
126.42645272378178
125.37190714602873
124.00099789494976
122.20827041276958
120.09917925726349
129.19854457852716
129.01927183030915
128.80836271475854
128.54472632032028
128.17563536810673
127.75381713700547
127.22654434812895
126.54108972258946
125.64472598149938
124.59018040374633
123.21927115266736
121.42654367048718
131.06828006148388
130.88900731326584
130.67809819771523
130.41446180327696
130.0453708510634
129.6235526199622
129.09627983108567
128.4108252055462
129.6040878224062
129.46699689729832
129.28772414908028
129.07681503352967
128.8131786390914
128.44408768687785
128.02226945577664
127.49499666690012
128.08161872616785
127.97616416839253
127.83907324328464
127.6598004950666
127.448891379516
127.18525498507773
126.81616403286418
126.39434580176295
127.3789214653933
127.2892850912843
127.18383053350898
127.04673960840108
126.86746686018306
126.65655774463245
126.39292135019419
126.02383039798063
125.6020121668794
129.7181759110303
129.66544863214267
129.5969031695887
129.5072667954797
129.4018122377044
129.2647213125965
129.08544856437848
128.87453944882787
128.6109030543896
128.24181210217603
127.81999387107481
127.29272108219828
126.6072664566588
125.71090271556872
124.65635713781568
123.2854478867367
126.34600792124215
126.2932806423545
126.22473517980055
126.13509880569154
126.02964424791624
125.89255332280834
125.71328057459033
125.50237145903971
125.23873506460144
124.86964411238787
124.44782588128666
123.92055309241013
123.23509846687065
122.33873472578057
121.28418914802752
119.91327989694855
125.0795072230586
125.02677994417094
124.958234481617
124.86859810750799
124.76314354973267
124.62605262462479
124.44677987640675
124.23587076085614
123.97223436641788
123.60314341420431
123.1813251831031
122.65405239422657
121.96859776868709
121.07223402759699
120.01768844984394
118.64677919876499
123.15420419777632
123.10147691888866
123.03293145633472
122.94329508222572
122.83784052445041
122.70074959934252
122.52147685112449
122.31056773557388
122.04693134113562
121.67784038892205
121.25602215782084
120.7287493689443
120.04329474340483
119.14693100231473
118.09238542456168
116.72147617348273
121.10013989156698
121.04741261267932
120.97886715012538
120.88923077601638
120.78377621824107
120.64668529313317
120.46741254491515
120.25650342936454
119.99286703492628
119.62377608271271
119.2019578516115
118.67468506273497
117.98923043719549
117.09286669610539
116.03832111835234
114.66741186727339
120.19617100604175
120.1434437271541
120.07489826460015
119.98526189049115
119.87980733271584
119.74271640760794
119.56344365938992
119.35253454383931
119.08889814940105
118.71980719718748
118.29798896608627
117.77071617720974
117.08526155167026
116.18889781058016
115.13435223282711
113.76344298174816
122.16860072596043
122.11587344707279
122.04732798451883
121.95769161040982
121.85223705263452
121.71514612752662
121.53587337930861
121.324964263758
121.06132786931974
120.69223691710617
120.27041868600494
119.74314589712843
119.05769127158894
118.16132753049885
117.9319102295646
117.87918295067695
117.81063748812299
117.72100111401399
117.61554655623868
117.47845563113079
117.29918288291277
117.08827376736217
116.8246373729239
116.45554642071033
116.0337281896091
115.50645540073259
114.8210007751931
113.92463703410301
112.87009145634997
111.499182205271
